name: /Users/daniyalfaheem/Desktop/Python Work/Langchain + huggingface/myenv
channels:
  - defaults
  - conda-forge
dependencies:
  - appnope=0.1.4=py39hecd8cb5_0
  - asttokens=3.0.0=py39hecd8cb5_0
  - backcall=0.2.0=pyhd3eb1b0_1
  - bzip2=1.0.8=h0ad9c76_9
  - ca-certificates=2026.3.19=haa95532_0
  - comm=0.2.1=py39hecd8cb5_0
  - debugpy=1.8.11=py39h6d0c2b6_0
  - decorator=5.1.1=pyhd3eb1b0_0
  - exceptiongroup=1.2.0=py39hecd8cb5_0
  - executing=0.8.3=pyhd3eb1b0_0
  - greenlet=3.2.4=py39hdb6649d_0
  - importlib-metadata=8.5.0=py39hecd8cb5_0
  - importlib_metadata=8.5.0=hd3eb1b0_0
  - ipykernel=6.29.5=py39hecd8cb5_1
  - ipython=8.15.0=py39hecd8cb5_0
  - jedi=0.19.2=py39hecd8cb5_0
  - jupyter_client=8.6.3=py39hecd8cb5_0
  - jupyter_core=5.8.1=py39hecd8cb5_0
  - libcxx=19.1.7=haebbb44_3
  - libexpat=2.7.5=hac47afa_0
  - libffi=3.5.2=h3d046cb_0
  - liblzma=5.8.2=hfd05255_0
  - libsodium=1.0.18=h1de35cc_0
  - libsqlite=3.52.0=hf5d6505_0
  - libzlib=1.3.2=hfd05255_2
  - matplotlib-inline=0.1.6=py39hecd8cb5_0
  - nest-asyncio=1.6.0=py39hecd8cb5_0
  - openssl=3.6.1=hf411b9b_1
  - packaging=25.0=py39hecd8cb5_0
  - parso=0.8.4=py39hecd8cb5_0
  - pexpect=4.9.0=py39hecd8cb5_0
  - pickleshare=0.7.5=pyhd3eb1b0_1003
  - pip=26.0.1=pyhc872135_1
  - platformdirs=4.3.7=py39hecd8cb5_0
  - prompt-toolkit=3.0.43=py39hecd8cb5_0
  - psutil=5.9.0=py39h46256e1_1
  - ptyprocess=0.7.0=pyhd3eb1b0_3
  - pure_eval=0.2.2=pyhd3eb1b0_0
  - pygments=2.19.1=py39hecd8cb5_0
  - python=3.9.23=h8c5b53a_0_cpython
  - python-dateutil=2.9.0post0=py39hecd8cb5_2
  - python_abi=3.9=8_cp39
  - pyzmq=26.2.0=py39h6d0c2b6_0
  - setuptools=80.9.0=py39haa95532_0
  - six=1.17.0=py39hecd8cb5_0
  - sqlite=3.51.2=hee5a0db_0
  - stack_data=0.2.0=pyhd3eb1b0_0
  - tk=8.6.13=h6ed50ae_3
  - tornado=6.5.1=py39h46256e1_0
  - traitlets=5.14.3=py39hecd8cb5_0
  - typing_extensions=4.12.2=py39hecd8cb5_0
  - tzdata=2026a=he532380_0
  - ucrt=10.0.22621.0=haa95532_0
  - vc=14.3=h2df5915_10
  - vc14_runtime=14.44.35208=h4927774_10
  - vs2015_runtime=14.44.35208=ha6b5a95_10
  - wcwidth=0.2.13=py39hecd8cb5_0
  - wheel=0.45.1=py39haa95532_0
  - zeromq=4.3.5=hcec6c5f_0
  - zipp=3.21.0=py39hecd8cb5_0
prefix: /Users/daniyalfaheem/Desktop/Python Work/Langchain + huggingface/myenv
